68 -66
69 -67
69 -67
70 -68
70 -68
70 -68
70 -69
71 -69
71 -69
71 -69
71 -70
71 -70
71 -70
71 -70
71 -70
72 -70
72 -70
72 -70
72 -71
72 -71
72 -71
72 -71
72 -71
72 -71
72 -71
73 -71
73 -72
73 -72
73 -72
73 -72
73 -72
73 -72
74 -72
74 -72
74 -73
75 -73
75 -73
75 -73
75 -74
75 -74
76 -74
76 -74
76 -74
76 -74
76 -74
77 -74
77 -75
78 -75
79 -75
79 -76
79 -76
80 -76
80 -76
80 -76
81 -76
81 -76
81 -76
81 -77
81 -77
82 -77
82 -77
82 -77
82 -77
83 -77
83 -77
83 -77
83 -77
83 -77
83 -78
84 -78
84 -78
84 -78
85 -78
85 -78
85 -78
85 -78
86 -78
86 -78
86 -78
87 -78
87 -78
88 -78
88 -78
88 -78
88 -78
88 -78
88 -78
89 -78
89 -78
89 -78
89 -78
90 -78
90 -78
90 -78
90 -78
90 -78
90 -78
91 -78
91 -77
91 -77
92 -77
92 -77
92 -77
93 -77
93 -77
93 -77
93 -77
93 -77
93 -76
94 -76
94 -76
94 -76
95 -76
95 -76
95 -76
95 -75
95 -75
96 -75
96 -75
96 -75
96 -75
97 -75
97 -74
97 -74
97 -74
98 -74
98 -74
98 -73
99 -73
99 -73
99 -73
100 -72
100 -72
100 -72
100 -71
101 -71
101 -71
101 -71
101 -71
101 -71
101 -70
102 -70
102 -70
102 -69
102 -69
102 -69
102 -69
102 -68
102 -68
102 -68
102 -67
103 -67
103 -67
103 -66
103 -66
103 -66
103 -65
103 -65
103 -65
103 -64
103 -64
103 -63
103 -63
103 -63
103 -62
103 -62
103 -61
102 -61
102 -61
102 -61
102 -60
102 -60
102 -60
102 -60
102 -59
102 -59
102 -59
101 -59
101 -58
101 -58
101 -58
101 -58
100 -57
100 -57
100 -57
100 -57
100 -56
99 -56
99 -56
99 -56
99 -55
98 -55
98 -55
98 -55
98 -54
97 -54
97 -54
97 -53
97 -53
97 -53
96 -52
96 -52
96 -52
96 -52
96 -51
96 -51
95 -51
95 -51
95 -51
95 -50
94 -50
94 -49
94 -49
93 -49
93 -49
93 -49
92 -48
92 -48
92 -48
92 -48
91 -47
91 -47
91 -47
90 -47
90 -46
90 -46
90 -46
89 -46
89 -46
89 -45
88 -45
88 -45
88 -45
88 -44
88 -44
87 -44
87 -44
87 -43
87 -43
86 -43
86 -43
86 -42
86 -42
86 -42
86 -42
86 -41
85 -41
85 -41
85 -41
85 -41
85 -41
85 -40
84 -40
84 -40
84 -40
84 -39
84 -39
84 -39
84 -39
83 -39
83 -38
83 -38
83 -38
83 -38
83 -38
82 -37
82 -37
82 -37
82 -37
82 -37
82 -36
81 -36
81 -36
81 -36
81 -36
81 -36
81 -35
80 -35
80 -35
80 -35
79 -34
79 -34
79 -34
79 -33
78 -33
78 -33
78 -33
78 -33
78 -32
77 -32
77 -32
77 -32
77 -32
76 -32
76 -31
76 -31
76 -31
75 -31
75 -31
75 -30
75 -30
74 -30
74 -30
74 -30
74 -30
74 -30
73 -30
73 -30
73 -29
73 -29
73 -29
73 -29
73 -29
72 -29
72 -29
72 -29
72 -29
72 -29
72 -29
72 -29
72 -28
71 -28
71 -28
71 -28
71 -28
71 -28
71 -28
71 -28
71 -28
70 -28
70 -28
70 -28
70 -27
70 -27
70 -27
70 -27
70 -27
70 -27
69 -27
69 -27
69 -27
69 -26
69 -26
69 -26
69 -26
69 -26
68 -26
68 -26
68 -25
68 -25
68 -25
67 -25
67 -25
67 -25
67 -25
67 -25
67 -24
67 -24
67 -24
67 -25
66 -26
66 -28
66 -28
65 -29
65 -29
65 -30
65 -30
65 -30
65 -30
65 -30
65 -30
65 -30
64 -30
64 -31
64 -31
64 -31
64 -31
64 -31
63 -31
63 -31
63 -31
63 -32
63 -32
63 -32
63 -32
62 -32
62 -32
62 -32
62 -33
62 -33
61 -33
61 -33
61 -33
61 -34
60 -34
60 -34
59 -34
59 -34
59 -34
59 -35
59 -35
59 -35
58 -35
58 -35
58 -35
58 -35
57 -36
57 -36
57 -36
57 -36
56 -36
56 -36
55 -36
55 -37
54 -37
54 -37
53 -38
52 -38
52 -38
51 -39
50 -39
50 -39
49 -39
49 -40
48 -40
48 -40
48 -40
47 -40
47 -40
47 -41
46 -41
46 -42
45 -42
44 -43
44 -43
43 -44
43 -44
42 -45
42 -45
41 -46
41 -46
40 -46
40 -47
40 -47
39 -48
39 -49
39 -49
38 -49
38 -50
38 -50
38 -51
37 -51
37 -51
37 -52
37 -53
36 -53
36 -54
36 -54
36 -55
35 -56
35 -56
35 -57
35 -58
35 -58
35 -59
35 -59
34 -59
34 -60
34 -60
34 -61
34 -61
34 -62
34 -62
34 -63
34 -63
34 -63
34 -64
34 -64
34 -65
34 -65
34 -65
34 -66
34 -66
34 -66
34 -67
34 -67
34 -67
34 -68
34 -68
34 -68
35 -69
35 -69
35 -69
35 -69
35 -70
35 -70
35 -70
36 -71
36 -71
36 -71
36 -72
37 -72
37 -72
37 -73
37 -74
38 -74
38 -74
38 -75
38 -75
39 -75
39 -75
39 -76
39 -76
39 -76
40 -76
40 -77
40 -77
40 -77
41 -78
41 -78
41 -78
41 -78
41 -78
41 -78
41 -78
42 -78
42 -78
42 -79
42 -79
42 -79
42 -79
42 -79
43 -79
43 -79
43 -79
44 -79
44 -79
45 -79
45 -79
45 -79
46 -79
46 -79
46 -79
46 -79
46 -79
47 -79
47 -79
48 -79
48 -79
48 -79
49 -79
49 -79
49 -79
50 -79
50 -79
50 -79
51 -79
51 -79
52 -79
52 -79
52 -79
53 -79
53 -79
53 -79
54 -79
54 -79
55 -79
55 -79
55 -79
56 -79
56 -79
56 -79
56 -79
56 -79
56 -78
57 -78
57 -78
57 -78
57 -78
58 -78
58 -77
58 -77
59 -77
59 -77
59 -77
59 -77
59 -77
60 -76
60 -76
60 -76
61 -76
61 -75
61 -75
62 -75
62 -74
62 -74
63 -73
64 -73
64 -72
65 -72
65 -72
65 -72
65 -72
65 -72
65 -71
66 -71
66 -71
66 -71
66 -71
66 -70
67 -70
67 -70
67 -70
67 -69
67 -69
67 -69
68 -69
68 -68
68 -68
68 -68
68 -68
68 -68
68 -68
68 -68
68 -67
68 -67
69 -67
69 -67
69 -67
69 -67
69 -67
