5.090259740259739374e+01 -2.242857142857144481e+01
6.681168831168832867e+01 -8.882467532467532578e+01
9.440909090909087809e+01 -2.713636363636364024e+01
3.288311688311688386e+01 -6.025324675324675638e+01
1.033376623376623229e+02 -6.804545454545454675e+01
4.129062401013618455e+01 -2.404798859676910183e+01
4.167865061767497536e+01 -2.566740576496675885e+01
4.206667722521382302e+01 -2.728682293316441587e+01
4.245470383275261383e+01 -2.890624010136207289e+01
4.284273044029140465e+01 -3.052565726955972991e+01
4.323075704783019546e+01 -3.214507443775738693e+01
4.361878365536904312e+01 -3.376449160595502974e+01
4.400681026290783393e+01 -3.538390877415268676e+01
4.439483687044662474e+01 -3.700332594235034378e+01
4.478286347798541556e+01 -3.862274311054800080e+01
4.517089008552420637e+01 -4.024216027874565782e+01
4.555891669306305403e+01 -4.186157744694331484e+01
4.594694330060184484e+01 -4.348099461514097186e+01
4.633496990814063565e+01 -4.510041178333862888e+01
4.672299651567942647e+01 -4.671982895153627169e+01
4.711102312321827412e+01 -4.833924611973392871e+01
4.749904973075706494e+01 -4.995866328793158573e+01
4.788707633829585575e+01 -5.157808045612924275e+01
4.827510294583464656e+01 -5.319749762432689977e+01
4.866312955337343737e+01 -5.481691479252455679e+01
4.905115616091228503e+01 -5.643633196072221381e+01
4.943918276845107584e+01 -5.805574912891987083e+01
4.982720937598986666e+01 -5.967516629711752785e+01
5.021523598352865747e+01 -6.129458346531518487e+01
5.060326259106750513e+01 -6.291400063351284189e+01
5.099128919860629594e+01 -6.453341780171049891e+01
5.137931580614508675e+01 -6.615283496990815593e+01
5.176734241368387757e+01 -6.777225213810581295e+01
5.215536902122266838e+01 -6.939166930630346997e+01
5.254339562876151604e+01 -7.101108647450111278e+01
5.293142223630030685e+01 -7.263050364269876980e+01
5.331944884383909766e+01 -7.424992081089642681e+01
5.370747545137788848e+01 -7.586933797909408383e+01
5.409550205891667929e+01 -7.748875514729174085e+01
5.448352866645552695e+01 -7.910817231548938366e+01
5.487155527399431776e+01 -8.072758948368704068e+01
5.525958188153310857e+01 -8.234700665188469770e+01
5.564760848907189938e+01 -8.396642382008235472e+01
5.603563509661074704e+01 -8.558584098828001174e+01
5.642366170414953785e+01 -8.720525815647766876e+01
5.748479569211275475e+01 -8.732008235666772578e+01
5.815790307253723768e+01 -8.581548938866012577e+01
5.883101045296166376e+01 -8.431089642065252576e+01
5.950411783338614669e+01 -8.280630345264491154e+01
6.017722521381057277e+01 -8.130171048463731154e+01
6.085033259423505569e+01 -7.979711751662971153e+01
6.152343997465948178e+01 -7.829252454862211152e+01
6.219654735508396470e+01 -7.678793158061451152e+01
6.286965473550839079e+01 -7.528333861260691151e+01
6.354276211593287371e+01 -7.377874564459931150e+01
6.421586949635729979e+01 -7.227415267659171150e+01
6.488897687678178272e+01 -7.076955970858409728e+01
6.556208425720620880e+01 -6.926496674057649727e+01
6.623519163763063489e+01 -6.776037377256889727e+01
6.690829901805511781e+01 -6.625578080456129726e+01
6.758140639847954390e+01 -6.475118783655369725e+01
6.825451377890402682e+01 -6.324659486854608303e+01
6.892762115932845290e+01 -6.174200190053849724e+01
6.960072853975293583e+01 -6.023740893253088302e+01
7.027383592017736191e+01 -5.873281596452328301e+01
7.094694330060184484e+01 -5.722822299651568301e+01
7.162005068102627092e+01 -5.572363002850808300e+01
7.229315806145075385e+01 -5.421903706050048299e+01
7.296626544187517993e+01 -5.271444409249286878e+01
7.363937282229966286e+01 -5.120985112448528298e+01
7.431248020272408894e+01 -4.970525815647766876e+01
7.498558758314857187e+01 -4.820066518847006876e+01
7.565869496357299795e+01 -4.669607222046246875e+01
7.633180234399742403e+01 -4.519147925245486874e+01
7.700490972442190696e+01 -4.368688628444726874e+01
7.767801710484633304e+01 -4.218229331643965452e+01
7.835112448527081597e+01 -4.067770034843206872e+01
7.902423186569524205e+01 -3.917310738042445450e+01
7.969733924611972498e+01 -3.766851441241685450e+01
8.037044662654415106e+01 -3.616392144440925449e+01
8.104355400696863398e+01 -3.465932847640165448e+01
8.171666138739306007e+01 -3.315473550839405448e+01
8.238976876781754299e+01 -3.165014254038644026e+01
8.306287614824196908e+01 -3.014554957237885446e+01
8.373598352866645200e+01 -2.864095660437124025e+01
8.290845739626223576e+01 -2.794409249287298280e+01
8.140782388343359344e+01 -2.875182134938232537e+01
7.990719037060495111e+01 -2.955955020589166793e+01
7.840655685777636563e+01 -3.036727906240102470e+01
7.690592334494772331e+01 -3.117500791891036727e+01
7.540528983211908098e+01 -3.198273677541970983e+01
7.390465631929043866e+01 -3.279046563192905239e+01
7.240402280646179634e+01 -3.359819448843839496e+01
7.090338929363315401e+01 -3.440592334494773752e+01
6.940275578080451169e+01 -3.521365220145708008e+01
6.790212226797592621e+01 -3.602138105796642265e+01
6.640148875514728388e+01 -3.682910991447576521e+01
6.490085524231864156e+01 -3.763683877098512198e+01
6.340022172948999923e+01 -3.844456762749446455e+01
6.189958821666135691e+01 -3.925229648400380711e+01
6.039895470383271459e+01 -4.006002534051314967e+01
5.889832119100407226e+01 -4.086775419702249224e+01
5.739768767817548678e+01 -4.167548305353183480e+01
5.589705416534684446e+01 -4.248321191004117736e+01
5.439642065251820213e+01 -4.329094076655053414e+01
5.289578713968955981e+01 -4.409866962305986249e+01
5.139515362686091748e+01 -4.490639847956921926e+01
4.989452011403227516e+01 -4.571412733607856183e+01
4.839388660120368968e+01 -4.652185619258790439e+01
4.689325308837504735e+01 -4.732958504909724695e+01
4.539261957554640503e+01 -4.813731390560658951e+01
4.389198606271776271e+01 -4.894504276211594629e+01
4.239135254988912038e+01 -4.975277161862527464e+01
4.089071903706047806e+01 -5.056050047513463142e+01
3.939008552423183573e+01 -5.136822933164397398e+01
3.788945201140325025e+01 -5.217595818815331654e+01
3.638881849857460793e+01 -5.298368704466265910e+01
3.488818498574596561e+01 -5.379141590117200167e+01
3.338755147291732328e+01 -5.459914475768134423e+01
3.188691796008868096e+01 -5.540687361419068679e+01
3.038628444726003863e+01 -5.621460247070004357e+01
2.888565093443139631e+01 -5.702233132720937192e+01
2.738501742160281083e+01 -5.783006018371872869e+01
2.588438390877416850e+01 -5.863778904022807126e+01
2.438375039594552618e+01 -5.944551789673741382e+01
2.460152043078869610e+01 -6.044330060183719411e+01
2.631992397846056519e+01 -6.063335445042761762e+01
2.803832752613237744e+01 -6.082340829901805535e+01
2.975673107380424653e+01 -6.101346214760849307e+01
3.147513462147605878e+01 -6.120351599619893079e+01
3.319353816914792787e+01 -6.139356984478935431e+01
3.491194171681974012e+01 -6.158362369337979203e+01
3.663034526449160921e+01 -6.177367754197022975e+01
3.834874881216342146e+01 -6.196373139056066748e+01
4.006715235983529055e+01 -6.215378523915109099e+01
4.178555590750710280e+01 -6.234383908774152872e+01
4.350395945517897189e+01 -6.253389293633196644e+01
4.522236300285078414e+01 -6.272394678492240416e+01
4.694076655052265323e+01 -6.291400063351282768e+01
4.865917009819446548e+01 -6.310405448210326540e+01
5.037757364586633457e+01 -6.329410833069370312e+01
5.209597719353814682e+01 -6.348416217928412664e+01
5.381438074121001591e+01 -6.367421602787456436e+01
5.553278428888182816e+01 -6.386426987646500208e+01
5.725118783655369725e+01 -6.405432372505543981e+01
5.896959138422550950e+01 -6.424437757364586332e+01
6.068799493189737859e+01 -6.443443142223630105e+01
6.240639847956919084e+01 -6.462448527082673877e+01
6.412480202724105993e+01 -6.481453911941717649e+01
6.584320557491287218e+01 -6.500459296800760001e+01
6.756160912258474127e+01 -6.519464681659803773e+01
6.928001267025655352e+01 -6.538470066518847545e+01
7.099841621792842261e+01 -6.557475451377891318e+01
7.271681976560023486e+01 -6.576480836236933669e+01
7.443522331327210395e+01 -6.595486221095977442e+01
7.615362686094391620e+01 -6.614491605955021214e+01
7.787203040861578529e+01 -6.633496990814063565e+01
7.959043395628759754e+01 -6.652502375673107338e+01
8.130883750395946663e+01 -6.671507760532151110e+01
8.302724105163127888e+01 -6.690513145391194882e+01
8.474564459930314797e+01 -6.709518530250237234e+01
8.646404814697496022e+01 -6.728523915109281006e+01
8.818245169464682931e+01 -6.747529299968324779e+01
8.990085524231864156e+01 -6.766534684827368551e+01
9.161925878999045381e+01 -6.785540069686410902e+01
9.205875831485587923e+01 -6.693284764016470945e+01
9.077985429204937873e+01 -6.582024073487488636e+01
8.950095026924293506e+01 -6.470763382958504906e+01
8.822204624643649140e+01 -6.359502692429522597e+01
8.694314222362999089e+01 -6.248242001900538867e+01
8.566423820082354723e+01 -6.136981311371555137e+01
8.438533417801710357e+01 -6.025720620842572828e+01
8.310643015521060306e+01 -5.914459930313589098e+01
8.182752613240415940e+01 -5.803199239784606789e+01
8.054862210959771573e+01 -5.691938549255623059e+01
7.926971808679127207e+01 -5.580677858726639329e+01
7.799081406398477156e+01 -5.469417168197657020e+01
7.671191004117832790e+01 -5.358156477668673290e+01
7.543300601837188424e+01 -5.246895787139689560e+01
7.415410199556538373e+01 -5.135635096610707251e+01
7.287519797275894007e+01 -5.024374406081723521e+01
7.159629394995249640e+01 -4.913113715552741212e+01
7.031738992714599590e+01 -4.801853025023757482e+01
6.903848590433955223e+01 -4.690592334494775173e+01
6.775958188153310857e+01 -4.579331643965791443e+01
6.648067785872660806e+01 -4.468070953436807713e+01
6.520177383592016440e+01 -4.356810262907825404e+01
6.392286981311372074e+01 -4.245549572378841674e+01
6.264396579030722023e+01 -4.134288881849857944e+01
6.136506176750077657e+01 -4.023028191320875635e+01
6.008615774469433291e+01 -3.911767500791891905e+01
5.880725372188783240e+01 -3.800506810262908175e+01
5.752834969908138874e+01 -3.689246119733925866e+01
5.624944567627494507e+01 -3.577985429204943557e+01
5.497054165346844457e+01 -3.466724738675958406e+01
5.369163763066200090e+01 -3.355464048146976097e+01
5.241273360785555724e+01 -3.244203357617993788e+01
5.113382958504905673e+01 -3.132942667089010058e+01
4.985492556224261307e+01 -3.021681976560026328e+01
4.857602153943616941e+01 -2.910421286031044019e+01
4.729711751662972574e+01 -2.799160595502060289e+01
4.601821349382322524e+01 -2.687899904973076559e+01
4.473930947101678157e+01 -2.576639214444094250e+01
4.346040544821033791e+01 -2.465378523915110520e+01
4.218150142540383740e+01 -2.354117833386126790e+01
5.090259740259739374e+01 -2.242857142857144481e+01
6.681168831168832867e+01 -8.882467532467532578e+01
9.440909090909087809e+01 -2.713636363636364024e+01
3.288311688311688386e+01 -6.025324675324675638e+01
1.033376623376623229e+02 -6.804545454545454675e+01
4.129062401013618455e+01 -2.404798859676910183e+01
4.167865061767497536e+01 -2.566740576496675885e+01
4.206667722521382302e+01 -2.728682293316441587e+01
4.245470383275261383e+01 -2.890624010136207289e+01
4.284273044029140465e+01 -3.052565726955972991e+01
4.323075704783019546e+01 -3.214507443775738693e+01
4.361878365536904312e+01 -3.376449160595502974e+01
4.400681026290783393e+01 -3.538390877415268676e+01
4.439483687044662474e+01 -3.700332594235034378e+01
4.478286347798541556e+01 -3.862274311054800080e+01
4.517089008552420637e+01 -4.024216027874565782e+01
4.555891669306305403e+01 -4.186157744694331484e+01
4.594694330060184484e+01 -4.348099461514097186e+01
4.633496990814063565e+01 -4.510041178333862888e+01
4.672299651567942647e+01 -4.671982895153627169e+01
4.711102312321827412e+01 -4.833924611973392871e+01
4.749904973075706494e+01 -4.995866328793158573e+01
4.788707633829585575e+01 -5.157808045612924275e+01
4.827510294583464656e+01 -5.319749762432689977e+01
4.866312955337343737e+01 -5.481691479252455679e+01
4.905115616091228503e+01 -5.643633196072221381e+01
4.943918276845107584e+01 -5.805574912891987083e+01
4.982720937598986666e+01 -5.967516629711752785e+01
5.021523598352865747e+01 -6.129458346531518487e+01
5.060326259106750513e+01 -6.291400063351284189e+01
5.099128919860629594e+01 -6.453341780171049891e+01
5.137931580614508675e+01 -6.615283496990815593e+01
5.176734241368387757e+01 -6.777225213810581295e+01
5.215536902122266838e+01 -6.939166930630346997e+01
5.254339562876151604e+01 -7.101108647450111278e+01
5.293142223630030685e+01 -7.263050364269876980e+01
5.331944884383909766e+01 -7.424992081089642681e+01
5.370747545137788848e+01 -7.586933797909408383e+01
5.409550205891667929e+01 -7.748875514729174085e+01
5.448352866645552695e+01 -7.910817231548938366e+01
5.487155527399431776e+01 -8.072758948368704068e+01
5.525958188153310857e+01 -8.234700665188469770e+01
5.564760848907189938e+01 -8.396642382008235472e+01
5.603563509661074704e+01 -8.558584098828001174e+01
5.642366170414953785e+01 -8.720525815647766876e+01
5.748479569211275475e+01 -8.732008235666772578e+01
5.815790307253723768e+01 -8.581548938866012577e+01
5.883101045296166376e+01 -8.431089642065252576e+01
5.950411783338614669e+01 -8.280630345264491154e+01
6.017722521381057277e+01 -8.130171048463731154e+01
6.085033259423505569e+01 -7.979711751662971153e+01
6.152343997465948178e+01 -7.829252454862211152e+01
6.219654735508396470e+01 -7.678793158061451152e+01
6.286965473550839079e+01 -7.528333861260691151e+01
6.354276211593287371e+01 -7.377874564459931150e+01
6.421586949635729979e+01 -7.227415267659171150e+01
6.488897687678178272e+01 -7.076955970858409728e+01
6.556208425720620880e+01 -6.926496674057649727e+01
6.623519163763063489e+01 -6.776037377256889727e+01
6.690829901805511781e+01 -6.625578080456129726e+01
6.758140639847954390e+01 -6.475118783655369725e+01
6.825451377890402682e+01 -6.324659486854608303e+01
6.892762115932845290e+01 -6.174200190053849724e+01
6.960072853975293583e+01 -6.023740893253088302e+01
7.027383592017736191e+01 -5.873281596452328301e+01
7.094694330060184484e+01 -5.722822299651568301e+01
7.162005068102627092e+01 -5.572363002850808300e+01
7.229315806145075385e+01 -5.421903706050048299e+01
7.296626544187517993e+01 -5.271444409249286878e+01
7.363937282229966286e+01 -5.120985112448528298e+01
7.431248020272408894e+01 -4.970525815647766876e+01
7.498558758314857187e+01 -4.820066518847006876e+01
7.565869496357299795e+01 -4.669607222046246875e+01
7.633180234399742403e+01 -4.519147925245486874e+01
7.700490972442190696e+01 -4.368688628444726874e+01
7.767801710484633304e+01 -4.218229331643965452e+01
7.835112448527081597e+01 -4.067770034843206872e+01
7.902423186569524205e+01 -3.917310738042445450e+01
7.969733924611972498e+01 -3.766851441241685450e+01
8.037044662654415106e+01 -3.616392144440925449e+01
8.104355400696863398e+01 -3.465932847640165448e+01
8.171666138739306007e+01 -3.315473550839405448e+01
8.238976876781754299e+01 -3.165014254038644026e+01
8.306287614824196908e+01 -3.014554957237885446e+01
8.373598352866645200e+01 -2.864095660437124025e+01
8.290845739626223576e+01 -2.794409249287298280e+01
8.140782388343359344e+01 -2.875182134938232537e+01
7.990719037060495111e+01 -2.955955020589166793e+01
7.840655685777636563e+01 -3.036727906240102470e+01
7.690592334494772331e+01 -3.117500791891036727e+01
7.540528983211908098e+01 -3.198273677541970983e+01
7.390465631929043866e+01 -3.279046563192905239e+01
7.240402280646179634e+01 -3.359819448843839496e+01
7.090338929363315401e+01 -3.440592334494773752e+01
6.940275578080451169e+01 -3.521365220145708008e+01
6.790212226797592621e+01 -3.602138105796642265e+01
6.640148875514728388e+01 -3.682910991447576521e+01
6.490085524231864156e+01 -3.763683877098512198e+01
6.340022172948999923e+01 -3.844456762749446455e+01
6.189958821666135691e+01 -3.925229648400380711e+01
6.039895470383271459e+01 -4.006002534051314967e+01
5.889832119100407226e+01 -4.086775419702249224e+01
5.739768767817548678e+01 -4.167548305353183480e+01
5.589705416534684446e+01 -4.248321191004117736e+01
5.439642065251820213e+01 -4.329094076655053414e+01
5.289578713968955981e+01 -4.409866962305986249e+01
5.139515362686091748e+01 -4.490639847956921926e+01
4.989452011403227516e+01 -4.571412733607856183e+01
4.839388660120368968e+01 -4.652185619258790439e+01
4.689325308837504735e+01 -4.732958504909724695e+01
4.539261957554640503e+01 -4.813731390560658951e+01
4.389198606271776271e+01 -4.894504276211594629e+01
4.239135254988912038e+01 -4.975277161862527464e+01
4.089071903706047806e+01 -5.056050047513463142e+01
3.939008552423183573e+01 -5.136822933164397398e+01
3.788945201140325025e+01 -5.217595818815331654e+01
3.638881849857460793e+01 -5.298368704466265910e+01
3.488818498574596561e+01 -5.379141590117200167e+01
3.338755147291732328e+01 -5.459914475768134423e+01
3.188691796008868096e+01 -5.540687361419068679e+01
3.038628444726003863e+01 -5.621460247070004357e+01
2.888565093443139631e+01 -5.702233132720937192e+01
2.738501742160281083e+01 -5.783006018371872869e+01
2.588438390877416850e+01 -5.863778904022807126e+01
2.438375039594552618e+01 -5.944551789673741382e+01
2.460152043078869610e+01 -6.044330060183719411e+01
2.631992397846056519e+01 -6.063335445042761762e+01
2.803832752613237744e+01 -6.082340829901805535e+01
2.975673107380424653e+01 -6.101346214760849307e+01
3.147513462147605878e+01 -6.120351599619893079e+01
3.319353816914792787e+01 -6.139356984478935431e+01
3.491194171681974012e+01 -6.158362369337979203e+01
3.663034526449160921e+01 -6.177367754197022975e+01
3.834874881216342146e+01 -6.196373139056066748e+01
4.006715235983529055e+01 -6.215378523915109099e+01
4.178555590750710280e+01 -6.234383908774152872e+01
4.350395945517897189e+01 -6.253389293633196644e+01
4.522236300285078414e+01 -6.272394678492240416e+01
4.694076655052265323e+01 -6.291400063351282768e+01
4.865917009819446548e+01 -6.310405448210326540e+01
5.037757364586633457e+01 -6.329410833069370312e+01
5.209597719353814682e+01 -6.348416217928412664e+01
5.381438074121001591e+01 -6.367421602787456436e+01
5.553278428888182816e+01 -6.386426987646500208e+01
5.725118783655369725e+01 -6.405432372505543981e+01
5.896959138422550950e+01 -6.424437757364586332e+01
6.068799493189737859e+01 -6.443443142223630105e+01
6.240639847956919084e+01 -6.462448527082673877e+01
6.412480202724105993e+01 -6.481453911941717649e+01
6.584320557491287218e+01 -6.500459296800760001e+01
6.756160912258474127e+01 -6.519464681659803773e+01
6.928001267025655352e+01 -6.538470066518847545e+01
7.099841621792842261e+01 -6.557475451377891318e+01
7.271681976560023486e+01 -6.576480836236933669e+01
7.443522331327210395e+01 -6.595486221095977442e+01
7.615362686094391620e+01 -6.614491605955021214e+01
7.787203040861578529e+01 -6.633496990814063565e+01
7.959043395628759754e+01 -6.652502375673107338e+01
8.130883750395946663e+01 -6.671507760532151110e+01
8.302724105163127888e+01 -6.690513145391194882e+01
8.474564459930314797e+01 -6.709518530250237234e+01
8.646404814697496022e+01 -6.728523915109281006e+01
8.818245169464682931e+01 -6.747529299968324779e+01
8.990085524231864156e+01 -6.766534684827368551e+01
9.161925878999045381e+01 -6.785540069686410902e+01
9.205875831485587923e+01 -6.693284764016470945e+01
9.077985429204937873e+01 -6.582024073487488636e+01
8.950095026924293506e+01 -6.470763382958504906e+01
8.822204624643649140e+01 -6.359502692429522597e+01
8.694314222362999089e+01 -6.248242001900538867e+01
8.566423820082354723e+01 -6.136981311371555137e+01
8.438533417801710357e+01 -6.025720620842572828e+01
8.310643015521060306e+01 -5.914459930313589098e+01
8.182752613240415940e+01 -5.803199239784606789e+01
8.054862210959771573e+01 -5.691938549255623059e+01
7.926971808679127207e+01 -5.580677858726639329e+01
7.799081406398477156e+01 -5.469417168197657020e+01
7.671191004117832790e+01 -5.358156477668673290e+01
7.543300601837188424e+01 -5.246895787139689560e+01
7.415410199556538373e+01 -5.135635096610707251e+01
7.287519797275894007e+01 -5.024374406081723521e+01
7.159629394995249640e+01 -4.913113715552741212e+01
7.031738992714599590e+01 -4.801853025023757482e+01
6.903848590433955223e+01 -4.690592334494775173e+01
6.775958188153310857e+01 -4.579331643965791443e+01
6.648067785872660806e+01 -4.468070953436807713e+01
6.520177383592016440e+01 -4.356810262907825404e+01
6.392286981311372074e+01 -4.245549572378841674e+01
6.264396579030722023e+01 -4.134288881849857944e+01
6.136506176750077657e+01 -4.023028191320875635e+01
6.008615774469433291e+01 -3.911767500791891905e+01
5.880725372188783240e+01 -3.800506810262908175e+01
5.752834969908138874e+01 -3.689246119733925866e+01
5.624944567627494507e+01 -3.577985429204943557e+01
5.497054165346844457e+01 -3.466724738675958406e+01
5.369163763066200090e+01 -3.355464048146976097e+01
5.241273360785555724e+01 -3.244203357617993788e+01
5.113382958504905673e+01 -3.132942667089010058e+01
4.985492556224261307e+01 -3.021681976560026328e+01
4.857602153943616941e+01 -2.910421286031044019e+01
4.729711751662972574e+01 -2.799160595502060289e+01
4.601821349382322524e+01 -2.687899904973076559e+01
4.473930947101678157e+01 -2.576639214444094250e+01
4.346040544821033791e+01 -2.465378523915110520e+01
4.218150142540383740e+01 -2.354117833386126790e+01
